1 5 30 1 1 480
       0     65     57     28     29     25     39     43     45     47     51     57     34     49     23     48     22     47     18     32     57     32     49     40     52      4     27     47     46     52     27      0    
      65      0     79     78     83     66     90    101     84    104     72     94     84     18     45     80     49    108     64     34     12     86    113     83    117     67     49     43     30    115     62     65    
      57     79      0     35     86     82     36     94    102     50    106    114     92     75     48     12     44     96     75     53     80     40     88     25     84     62     39     36     49     95     82     57    
      28     78     35      0     53     53     12     59     71     25     79     82     59     67     34     24     30     61     46     44     74      8     54     12     50     31     29     44     51     60     55     28    
      29     83     86     53      0     17     60     18     20     61     36     30      6     65     50     76     50     25     18     57     73     53     37     65     46     25     56     75     73     35     22     29    
      25     66     82     53     17      0     63     36     21     68     26     34     17     48     38     73     40     43      6     43     55     56     53     65     61     21     46     64     59     53      5     25    
      39     90     36     12     60     63      0     63     80     15     89     90     67     79     46     24     42     64     57     56     86      7     53     11     48     42     41     53     62     61     66     39    
      43    101     94     59     18     36     63      0     32     60     51     36     20     83     65     83     65      7     37     73     91     57     23     71     34     39     70     90     89     18     41     43    
      45     84    102     71     20     21     80     32      0     82     19     12     14     65     60     94     62     39     27     64     72     73     54     84     65     41     68     86     80     51     23     45    
      47    104     50     25     61     68     15     60     82      0     94     91     68     91     59     38     55     58     63     70     99     17     45     26     37     49     55     69     77     53     72     47    
      51     72    106     79     36     26     89     51     19     94      0     24     31     54     59     99     62     58     32     60     60     82     72     91     82     47     68     83     75     70     24     51    
      57     94    114     82     30     34     90     36     12     91     24      0     23     76     72    105     74     42     39     76     82     83     59     95     70     52     80     98     92     54     35     57    
      34     84     92     59      6     17     67     20     14     68     31     23      0     65     53     82     54     28     21     60     73     60     41     72     51     30     60     79     76     39     21     34    
      49     18     75     67     65     48     79     83     65     91     54     76     65      0     32     74     37     90     46     23      8     74     96     73    101     50     39     41     28     98     43     49    
      23     45     48     34     50     38     46     65     60     59     59     72     53     32      0     44      5     70     33     10     39     42     72     42     74     26      9     25     23     75     37     23    
      48     80     12     24     76     73     24     83     94     38     99    105     82     74     44      0     39     85     67     51     80     28     76     13     72     53     35     38     50     83     75     48    
      22     49     44     30     50     40     42     65     62     55     62     74     54     37      5     39      0     69     34     14     44     38     70     37     71     26      5     25     25     74     40     22    
      47    108     96     61     25     43     64      7     39     58     58     42     28     90     70     85     69      0     43     79     98     57     17     72     29     43     74     94     94     12     48     47    
      18     64     75     46     18      6     57     37     27     63     32     39     21     46     33     67     34     43      0     39     54     50     51     59     58     15     40     59     55     52      9     18    
      32     34     53     44     57     43     56     73     64     70     60     76     60     23     10     51     14     79     39      0     30     52     81     50     84     35     16     23     16     85     41     32    
      57     12     80     74     73     55     86     91     72     99     60     82     73      8     39     80     44     98     54     30      0     82    104     80    109     58     46     45     32    106     51     57    
      32     86     40      8     53     56      7     57     73     17     82     83     60     74     42     28     38     57     50     52     82      0     48     15     44     35     38     52     60     55     59     32    
      49    113     88     54     37     53     53     23     54     45     72     59     41     96     72     76     70     17     51     81    104     48      0     63     11     46     73     93     95      7     58     49    
      40     83     25     12     65     65     11     71     84     26     91     95     72     73     42     13     37     72     59     50     80     15     63      0     59     44     34     44     54     70     67     40    
      52    117     84     50     46     61     48     34     65     37     82     70     51    101     74     72     71     29     58     84    109     44     11     59      0     50     74     92     96     18     66     52    
       4     67     62     31     25     21     42     39     41     49     47     52     30     50     26     53     26     43     15     35     58     35     46     44     50      0     31     51     50     49     24      4    
      27     49     39     29     56     46     41     70     68     55     68     80     60     39      9     35      5     74     40     16     46     38     73     34     74     31      0     20     22     78     46     27    
      47     43     36     44     75     64     53     90     86     69     83     98     79     41     25     38     25     94     59     23     45     52     93     44     92     51     20      0     13     97     63     47    
      46     30     49     51     73     59     62     89     80     77     75     92     76     28     23     50     25     94     55     16     32     60     95     54     96     50     22     13      0     99     57     46    
      52    115     95     60     35     53     61     18     51     53     70     54     39     98     75     83     74     12     52     85    106     55      7     70     18     49     78     97     99      0     58     52    
      27     62     82     55     22      5     66     41     23     72     24     35     21     43     37     75     40     48      9     41     51     59     58     67     66     24     46     63     57     58      0     27    
       0     65     57     28     29     25     39     43     45     47     51     57     34     49     23     48     22     47     18     32     57     32     49     40     52      4     27     47     46     52     27      0   
 
      21     81     76     42     10     20     50     22     30     51     44     40     17     63     43     66     43     27     17     51     71     42     34     55     41     17     48     68     66     35     25     21    
      24     73     35      5     51     49     17     59     69     31     76     80     57     61     29     25     24     61     43     39     69     13     56     15     53     28     24     39     46     62     51     24    
      63     93    121     90     39     39     99     47     18    101     21     11     32     75     76    112     79     53     45     79     81     92     70    103     81     59     85    101     94     65     39     63    
      27     86     80     46      9     23     53     16     29     53     45     38     15     68     49     70     49     21     22     57     77     45     29     59     37     23     54     74     72     29     28     27    
      57     86    114     84     35     32     94     45     14     96     14     12     28     68     69    106     72     51     38     72     74     86     68     97     79     53     78     94     87     64     32     57   

15   28   19   30   18   27   22   15   30   
16   16   28   17   16   19   26   30   18   19   
21   28   18   24   25   22   15   15   23   25   
30   

 65   93        198   266        247   321        247   315        293   377        110   192        274   346        209   289        157   223     
   301   367        317   397        343   418         49   68        333   419        383   413        114   202        344   403        165   249        169   233     
   287   359        115   175         49   71         40   93        228   304         56   144        212   274        148   228        111   191        234   314     
   262   328     
